71.45565436641793
52.633412390668724

66.66514082268421

66.63972036860503

55.570624163652504

66.65030986810743

62.50918791636239

58.761859396452685

83.47870392484674

60.479358624965755

58.81212053227141

71.44835104933225

71.4373988724814

66.64077916713008

71.41672058573131

66.69906494497806

55.54192489008952

76.88775641143151

66.65772452044563

71.46417679030857

71.45687173109359

62.5035988376425

71.42766642257455

66.66090273363001

76.90749399490254

58.798104690610366

91.00444791598864

71.42645005279111

66.6598432955611

71.41428863311313

71.43983239938001

76.94699957805133

58.74951325760229

91.06372261664387

71.44591694205022

66.63019269567428

66.70436870815375

71.42158498790995

71.3924085106383

58.83109378068281

90.96694716751973

58.82449300159883

58.800577588986556

62.519437157166706

62.47659904072452

62.525961151443774

62.49242367805474

66.677858323795

58.81129588603158

62.514777994723744

62.48404493042934

66.68845994848475

66.64925076671275

66.65878389116685

58.82036826679008

83.28972556495492

83.43884777592106

66.67043919187424

71.42888283378747

66.64819169897667

71.4434830006132

71.430099286432

76.92724171450581

71.41672058573131

66.67149896677793

66.63866160372412

62.5287575658189

62.50266742169106

35.709272329448225

55.572096720768464

58.81129588603158

19.607706008573658

47.61438999193997

37.03775917487902

55.558110578324104

49.999451643282036

55.548545167997666

58.85338235087769

58.79068724331749

52.642660809538754

66.68527910711163

66.67361861766389

66.66196220537516

66.67043919187424

66.66302171079818

71.38147347640361

66.63972036860503

83.42723023371457

66.6556058800159

71.46295917671914

66.66937945066124

71.42766642257455

71.37904392369089

66.67149896677793

76.9695924247151

66.67255877537396

71.40577810313421

62.51291452418213

71.430099286432

71.40456247871978

58.8187185348273

90.94130656317078

62.491492595130964

71.43496551136847

58.80964666292765

62.52502906890075

58.80799753231822

66.68952029637639

55.558110578324104

62.48869951282013

62.51198283057112

66.6598432955611

71.42645005279111

66.66831974313735

62.4421848714475

83.43220878421387

71.43374889297635

62.48218329162198

62.5222329880003

58.82531801798011

71.3924085106383

66.67255877537396

62.48032176374199

62.50173603349874

62.475668429284276

58.8740349793661

62.4552019893682

55.58019718011237

47.61493052402143

55.572833028592626

62.49894203546416

55.540453931513014

55.548545167997666

39.99908449361053

66.67891833457864

55.53530619000331

62.54647400050702

55.540453931513014

62.516641576366425

58.83934683800011

58.822843038258725

58.815419348505884

66.67255877537396

66.61537728507219

62.440325726110196

91.12505431476492

62.500804673064316

71.43496551136847

66.65030986810743

71.44104922500426

62.493354788724

62.51198283057112

62.47008534278608

58.830268602286274

62.48869951282013

62.51384624556592

49.99527975778959

62.52316498718025

62.49894203546416

62.50546175282774

62.46636383945193

62.519437157166706

58.8187185348273

62.519437157166706

58.79563200022429

62.516641576366425

58.81212053227141

62.4896305125149

52.635393921140476

58.82449300159883

62.51757340885378

66.66514082268421

58.81047126291732

71.38754808183273

77.03886562339284

62.461712583767685

62.53808075386175

58.792335403204326

62.534351145038165

62.49894203546416

55.546338233346574

58.828618314936115

62.49894203546416

62.497079508880674

66.6598432955611

58.830268602286274

58.83439472576799

58.82531801798011

55.546338233346574

43.45753509817127

66.60162601626017

66.76807972110349

66.69376202515544

58.80964666292765

58.83439472576799

62.485906680174004

52.60964565694575

71.48244597450406

62.50173603349874

58.82201809129795

62.50546175282774

62.48869951282013

62.511051164731654

62.4896305125149

62.50918791636239

62.49242367805474

58.82614305750351

58.8187185348273

62.518505269120126

58.803875110407

55.55884651557098

62.524097014146655

62.49614828721708

66.64289686511908

66.69270154237557

58.82449300159883

58.82696812016999

62.49614828721708

66.64395576458625

62.514777994723744

66.66090273363001

30.29975366077427

27.026025322980765

31.25203227801414

62.52316498718025

39.98993173410625

55.56179045953715

39.99794016955456

39.9971773232251

24.998682806754044

52.64794707971933

34.478454582819566

58.82696812016999

52.644643036449445

58.8187185348273

52.61756551628969

62.516641576366425

58.816244110388155

66.66620042915044

66.68527910711163

62.499873340386536

47.60844494892168

47.63277497018909

35.702889051567105

35.71535376414588

43.48006012543409

47.61817397425126

38.464679071558926

24.390309712385008

47.590078743731134

62.54087825244166

55.565470828254995

58.821193167475386

58.81376989413167

58.85090500912025

55.5367768759186

58.83109378068281

52.626808366478876

58.82531801798011

55.55369536423841

58.82449300159883

58.81789370354789

58.830268602286274

55.55516702429203

52.631431009386134

45.45340659102485

55.53824763972935

66.69588309189498

55.57136043245535

55.53824763972935

55.572096720768464

55.53971848144175

55.55737466057355

55.556638762318535

55.55148802034356

55.55516702429203

62.50918791636239

71.44835104933225

66.66726006930095

71.42645005279111

62.50266742169106

0.9220595215090959

58.822843038258725

52.629449777275866

62.518505269120126

47.60844494892168

71.46052407401098

62.46078241574958

71.44956816517043

71.430099286432

66.65136900316229

90.92356384131801

71.47757327880028

71.42158498790995

66.66937945066124

66.63548551093035

62.49894203546416

58.83934683800011

41.65437518000258

76.98654576824948

66.64925076671275

66.68209856915739

4.166426440685374

71.42401743750426

66.67997837906584

71.44713397495954

66.61537728507219

91.0123467505696

71.42888283378747

62.498010758295955

71.43496551136847

71.39119334138994

71.45078532247624

71.36568433948139

76.93994203323916

71.46417679030857

71.4544370432205

71.38511811559671

66.66937945066124

90.91568040924264

76.96535525543159

66.66090273363001

76.92865265397454

76.92159847415041

83.27814950858732

83.38576540755467

76.89480438528948

76.91736658719971

100.06450997232561

76.9187771644446

76.9187771644446

99.98817583675026

83.3493104407615

71.42401743750426

71.4130727189144

71.40577810313421

83.34434177844014

71.4228011919966

76.96253073507285

66.63442688061005

71.45930658488798

71.37054179145113

76.96394296933777

83.37747738793361

71.4373988724814

71.40577810313421

83.32612841703751

83.37416264138191

76.92865265397454

71.44591694205022

76.93711937779734

66.59316651848088

77.02471811069894

83.3310949079133

71.42645005279111

66.66726006930095

52.613605288576125

58.846776569624694

66.64289686511908

66.67043919187424

66.66831974313735

66.65454661030417

62.49614828721708

76.9695924247151

76.92865265397454

71.42158498790995

76.94558796551091

71.40091585380385

66.61960958719166

76.98089382398825

83.37747738793361

66.63866160372412

76.92300920661702

66.67255877537396

90.86840850990077

66.70224710166823

71.43983239938001

71.43253231602432

76.88352824724126

71.38754808183273

90.99062825407844

71.4544370432205

76.91736658719971

62.47380728957207

66.65454661030417

66.677858323795

90.9018876920743

66.70224710166823

76.92441999082989

66.65454661030417

66.64395576458625

60.420115530330314

66.66302171079818

55.55737466057355

66.65772452044563

66.62490072116148

71.50560035460389

66.63866160372412

66.66196220537516

71.44713397495954

66.66302171079818

62.499873340386536

66.67997837906584

62.49056153995143

66.65454661030417

62.499873340386536

76.94417640476235

66.72028505981166

66.66620042915044

62.46915492538203

66.6767983467133

71.46295917671914

58.79728043737296

52.631431009386134

55.560318448556785

47.5949390070922

83.38742320920893

76.94558796551091

76.91313516586287

76.94276489580275

100.03825697044864

71.4082094761394

76.88493758363427

58.859989615346834

49.988129573570426

52.62878939971893

66.67255877537396

76.8807097294523

66.68633935385398

66.65348737425906

90.92356384131801

35.71626615801216

55.55516702429203

71.43374889297635

62.52502906890075

62.49894203546416

58.823668008358695

66.65772452044563

62.47659904072452

62.50173603349874

62.49056153995143

76.90044369476733

83.41727491497782

58.80552400981423

66.66408124990066

62.50639325206402

66.66831974313735

66.66514082268421

71.4434830006132

58.79728043737296

58.823668008358695

71.36082754865932

83.42391153012312

76.93006364520093

66.66408124990066

66.67149896677793

66.67043919187424

71.43131578051023

71.35961345424231

83.43220878421387

71.41185684611979

66.68421889408248

71.42766642257455

71.38511811559671

62.464503254054534

90.94525033066633

71.44104922500426

71.45200252125177

62.48497579143389

58.82531801798011

35.7114005959983

55.55148802034356

52.62746869432106

71.44956816517043

52.64067873189588

71.42401743750426

71.3984849774449

100.04302921884317

76.93994203323916

71.43374889297635

76.75689920210819

100.2798259455841

66.63125119145961

76.96676759335719

76.88775641143151

83.31454224023202

83.39737140357505

71.40456247871978

76.92159847415041

55.547073858745314

62.493354788724

52.635393921140476

2.283958072749193

66.70967331488373

66.65136900316229

66.70012563013852

66.63548551093035

66.67573840333196

58.8187185348273

90.95511124604242

83.34599793339162

71.41915270399129

76.90044369476733

55.55148802034356

71.40699376894004

55.565470828254995

66.67043919187424

52.626148055207025

62.52130101660555

58.81706889540183

66.67467849364935

62.436607767539485

62.516641576366425

83.32612841703751

47.61979586507567

76.90185365138153

62.536215893842254

76.93006364520093

62.51384624556592

62.46543353289846

62.48311409715912

66.69906494497806

62.500804673064316

62.50266742169106

62.5035988376425

71.41793662415502

49.97919471884272

66.70861232604373

62.50173603349874

49.99051274105504

55.55369536423841

62.511051164731654

62.494285927139984

62.4896305125149

71.43374889297635

66.66408124990066

62.497079508880674

90.88809915922684

71.48244597450406

62.4896305125149

66.64395576458625

66.70224710166823

66.66620042915044

66.65348737425906

62.475668429284276

62.51384624556592

83.31785224767088

66.68315871476494

71.45078532247624

66.65772452044563

66.67149896677793

71.4130727189144

62.479391041396674

58.821193167475386

66.68527910711163

83.31619721107624

71.44591694205022

71.44956816517043

71.42401743750426

71.42766642257455

58.80140193466985

